회복 리듬: 1일차 끝에 'chaos' → 40일 평화 · 시드 7

  일 탱크 실링 판 구조 케이블 전자 부품 원료 채집 | 외벽 최대강도(평균·최저) 용접 교체 | Mk1 | 수리력 구조 생명유지 전력
   0 100%   20  12    6     16    8   16   21    3 |   100%  100%    0    0 |   0 |   100   96     53  100
   1   9%   14   6    2     15    8   15   13    6 |   100%   93%    6    0 |   0 |    91   99     64  100
   2   9%   14   6    5     12    7   15    8    9 |   100%   93%    6    0 |   0 |    90   99     63  100
   3  14%   16   6    5     12    7   15    8   11 |   100%   93%    6    0 |   0 |    91   99     66   99
   4  14%   17   6    5     10    6   15    9   14 |   100%   93%    6    0 |   0 |    90   99     65   99
   5  14%   17   6    5      8    4   15    7   16 |   100%   93%    6    0 |   0 |    88   99     65   99
   6  19%   17   6    5      8    3   13    9   18 |   100%   93%    6    0 |   0 |    87   99     66   98
   7  24%   17   5    5      6    3   14    9   22 |   100%   93%    6    0 |   0 |    89   99     68   98
   8  29%   18   5    5      7    3   14   11   27 |   100%   93%    6    0 |   0 |    91   99     70  100
   9  35%   18   5    5      6    3   13    9   33 |   100%   93%    6    0 |   0 |    89   99     72  105
  10  45%   19   5    5      4    2   14    9   39 |   100%   93%    6    0 |   0 |    90   99     74  105
  11  50%   19   5    5      7    2   14    9   46 |   100%   93%    6    0 |   0 |    91   99     75  105
  12  56%   19   6    5      7    3   14   11   52 |   100%   93%    6    0 |   0 |    91   99     77  104
  13  56%   20   6    5      7    2   12   13   58 |   100%   93%    6    0 |   0 |    89   99     78  109
  14  61%   20   7    5      4    2   13    8   63 |   100%   93%    6    0 |   0 |    89   99     79  108
  15  61%   21   6    5      3    2   13    7   67 |   100%   93%    6    0 |   0 |    89   99     79  108
  16  60%   21   5    5      5    3   14    9   73 |   100%   93%    6    0 |   0 |    91   99     79  110
  17  60%   21   6    5      5    3   14   12   78 |   100%   93%    6    0 |   0 |    91   99     79  110
  18  60%   21   6    5      7    4   14   11   83 |   100%   93%    6    0 |   0 |    92   99     79  110
  19  71%   21   7    5      9    4   14   12   90 |   100%   93%    6    0 |   0 |    95   99     82  109
  20  71%   20   6    5      9    4   12   14   98 |   100%   93%    6    0 |   0 |    92   99     82  109
  21  76%   20   6    5      8    4   10   14  104 |   100%   93%    6    0 |   0 |    89   99     91  109
  22  76%   20   7    5      8    4   10   15  111 |   100%   93%    6    0 |   0 |    90   99     91  108
  23  76%   20   9    6      8    4   10   12  118 |   100%   93%    6    0 |   0 |    93   99     91  108
  24  75%   19   7    6      4    1   10   22  122 |   100%   93%    6    0 |   0 |    90   99     90  107
  25  81%   19   7    6      7    4   10   12  129 |   100%   93%    6    0 |   0 |    91   99     92  110
  26  86%   22   7    6      7    4   10   16  136 |   100%   93%    6    0 |   0 |    93   99     95  110
  27  91%   22   8    6      7    4   10   18  142 |   100%   93%    6    0 |   0 |    94   99     96  110
  28  91%   22   6    6      6    4   10   22  146 |   100%   93%    6    0 |   0 |    94   99     95  109
  29  91%   22   6    3      5    4   12   20  152 |   100%   93%    6    0 |   0 |    94  100     95  109
  30 100%   22   6    3      7    4   12   20  159 |   100%   93%    6    0 |   0 |    95  100     98  109
  31 100%   21   6    3      8    3   11   22  164 |   100%   93%    6    0 |   0 |    93  100     99  108
  32 100%   21   4    3      8    4   11   26  170 |   100%   93%    6    0 |   0 |    93  100     99  108
  33  99%   21   5    3      6    4   12   28  175 |   100%   93%    6    0 |   0 |    94  100     98  107
  34  99%   21   6    3      9    4   12   29  179 |   100%   93%    6    0 |   0 |    96  100     97  110
  35  99%   20   5    3      8    4   12   30  186 |   100%   93%    6    0 |   0 |    95  100     99  110
  36  99%   20   7    3      9    4   12   32  193 |   100%   93%    6    0 |   0 |    96  100     98  110
  37  99%   20   6    3      9    5   12   34  197 |   100%   93%    6    0 |   0 |    97  100     97  109
  38  99%   20   6    4      9    3   11   35  205 |   100%   93%    6    0 |   0 |    92  100     97  119
  39  98%   23   6    4      8    1   12   36  212 |   100%   93%    6    0 |   0 |    94  100     99  118
  40  98%   26   6    4      6    2   11   31  219 |   100%   93%    6    0 |   0 |    93  100     98  118

재료 누적: 정제 93 · 부품 제작 13 · 얼음 39 · Mk.1 대체 0 · 정품 복원 0 · 파손 재건 0 · 패널 교체 0 · 임시 정비실 0 · 채집 219 · 주변 밀도 1.38 (잔해 많음)
적응 누적: 임시 배선 0 · 뜯은 설비 0 · 용도 바뀐 방 0 · 수동 기동 0(실패 0) · 절전 6 · 바이오 연료 1 · 급유 0
함선 지표 (처음=100): 전력 118 · 생명유지 98 · 수리력 93 · 거주성 100 · 구조 100 · 엔진 100
  작업대 [정비실] 정상 · 효율 0.98 · 전기 True · 등급 정품
  채집 장치 [정비실] 정상 · 효율 0.99 · 전기 True · 등급 정품
  정제기 [정비실] 정상 · 효율 0.94 · 전기 True · 등급 정품

결과: 부분 복구 — 고장 2건
exit=0 sec=21
