물자 부족 60일 · 10일마다 무작위 사고

  일  원자로   배터리 연료 탱크 | 채소 식사 비상 부품 케이블 퓨즈 필터 윤활 연료통 | 뜯김 배선 절전 침실 폐쇄 | 쓰러짐 | 사고
   1  47kW    100%   24 100% |   23   22   70    0      4    0    8    6      3 |    0    0    0    0    0 |    0   | 
   2  47kW    100%   24 100% |   21   19   70    3      2    0    8    8      3 |    0    0    0    0    0 |    0   | 
   3  47kW    100%   24 100% |   18   14   70    4      2    0    7    8      3 |    0    0    0    0    0 |    0   | 
   4  47kW    100%   24 100% |   24   22   70    4      4    2    7    7      3 |    0    0    0    0    0 |    0   | 
   5  46kW    100%   24 100% |   18   16   70    4      4    2    8    8      3 |    0    0    0    0    0 |    0   | 
   6  46kW    100%   24  99% |   19   18   70    4      5    2    8    6      3 |    0    0    0    0    0 |    0   | 
   7  46kW    100%   24  99% |   16   20   70    4      7    2    8    7      3 |    0    0    0    0    0 |    0   | 
   8  47kW    100%   24  99% |   23   20   70    5      8    2    8    7      3 |    0    0    0    0    0 |    0   | 
   9  47kW    100%   24  99% |   16   25   70    5      9    4    6    7      3 |    0    0    0    0    0 |    0   | 
  10  47kW    100%   24  27% |   13   28   70    5      9    4    6    6      3 |    0    0    0    0    0 |    0   | 큰 운석(침실) + 화재(냉각실)
  11  47kW    100%   24  33% |   20   25   70    5     10    6    5    4      3 |    0    0    0    0    0 |    0   | 
  12  47kW    100%   24  32% |    8   19   70    5     11    6    4    2      3 |    0    0    0    0    0 |    0   | 
  13  46kW    100%   24  38% |   22   19   70    5     12    6    3    2      3 |    0    0    0    0    0 |    0   | 
  14  46kW    100%   24  43% |   18   25   70    6     11    6    3    1      3 |    0    0    0    0    0 |    0   | 
  15  46kW    100%   24  48% |    9   24   70    6     12    6    3    3      3 |    0    0    0    0    0 |    0   | 
  16  47kW    100%   24  48% |   25   18   70    6     12    8    2    2      3 |    0    0    0    0    0 |    0   | 
  17  47kW    100%   24  48% |   23   20   70    6     11    8    2    2      3 |    0    0    0    0    0 |    0   | 
  18  47kW    100%   24  53% |   17   19   70    6     10    8    3    1      3 |    0    0    0    0    0 |    0   | 
  19  47kW    100%   24  58% |   15   20   70    6     10    8    3    2      3 |    0    0    0    0    0 |    0   | 
  20  46kW    100%   24   0% |   11   24   70    7      9    8    2    1      3 |    0    0    0    0    0 |    0   | 큰 운석(엔진실)
  21  46kW    100%   24   5% |   22   19   70    8     10    8    3    2      3 |    0    0    0    0    0 |    0   | 
  22  46kW    100%   24   5% |    6   22   70    8     11    8    3    2      3 |    0    0    0    0    0 |    0   | 
  23  46kW    100%   24  10% |   18   23   70    8     12    8    3    2      3 |    0    0    0    0    0 |    0   | 
  24  47kW    100%   24  10% |   25   18   70    8     12    8    4    3      3 |    0    0    0    0    0 |    0   | 
  25  47kW    100%   24  10% |    9   21   70    8     12    8    3    3      3 |    0    0    0    0    0 |    0   | 
  26  47kW    100%   24  15% |   18   29   70    8     12    8    3    2      3 |    0    0    0    0    0 |    0   | 
  27  47kW    100%   24  15% |   23   17   70    9     10    8    3    3      3 |    0    0    0    0    0 |    0   | 
  28  47kW    100%   24  15% |   29   17   70    7     10    8    3    3      3 |    0    0    0    0    0 |    0   | 
  29  46kW     91%   24  15% |   10   20   70    6      9    8    4    3      3 |    0    0    0    0    0 |    0   | 
  30  46kW    100%   24  11% |   21   22   70    6      7    7    4    2      3 |    0    0    0    0    0 |    0   | 고장(콘솔 #7) + 큰 운석(통신실)
  31  46kW    100%   24  11% |   18   18   70    6      6    9    6    5      3 |    0    0    0    0    0 |    0   | 
  32  47kW    100%   24  21% |    6   19   70    7      9    9    4    4      3 |    0    0    0    0    0 |    0   | 
  33  47kW    100%   24  27% |   18   22   70    7      9    9    5    3      3 |    0    0    0    0    0 |    0   | 
  34  47kW    100%   24  32% |   16   25   70    7     10    9    7    6      3 |    0    0    0    0    0 |    0   | 
  35  47kW    100%   24  37% |   16   25   70    8     11    9    7    4      3 |    0    0    0    0    0 |    0   | 
  36  46kW    100%   24  37% |   16   26   70    8     12    9    7    4      3 |    0    0    0    0    0 |    0   | 
  37  46kW    100%   24  42% |   21   21   70    8     12    9    4    6      3 |    0    0    0    0    0 |    0   | 
  38  46kW    100%   24  42% |   16   18   70    8     11    9    6    6      3 |    0    0    0    0    0 |    0   | 
  39  46kW    100%   24  47% |   15   22   70    8     12    9    6    4      3 |    0    0    0    0    0 |    0   | 
  40  28kW      0%   24  35% |   41   18   70    8      9    9    6    4      3 |    0    0    0    0    0 |    0   | 화재(정비실) + 고장(산소 발생기 #1) + 배관 파손(1번 냉각 루프) + 작은 운석(주방)
  41  28kW      0%   24  41% |   16   20   70    8      9    9    6    5      3 |    0    0    0    0    0 |    0   | 
  42  47kW     69%   24  46% |   16   21   70    8      9    9    4    5      3 |    0    0    0    0    0 |    0   | 
  43  46kW    100%   24  51% |   31   23   70    8      9    9    6    5      3 |    0    0    0    0    0 |    0   | 
  44  40kW    100%   24  51% |   13   17   70    8      9    9    7    5      3 |    0    0    0    0    0 |    0   | 
  45  46kW    100%   24  51% |    6   16   70    8      9    9    7    6      3 |    0    0    0    0    0 |    0   | 
  46  45kW    100%   24  51% |   34   20   70    8      9    9    7    6      3 |    0    0    0    0    0 |    0   | 
  47  47kW    100%   24  50% |   16   23   70    8      9    9    9    8      3 |    0    0    0    0    0 |    0   | 
  48  47kW     83%   24  50% |    8   18   70    7      5    9    9    8      3 |    0    0    0    0    0 |    0   | 
  49  47kW    100%   24  50% |   34   20   70    9      4    9    8    8      3 |    0    0    0    0    0 |    0   | 
  50  47kW    100%   24  55% |   22   23   70    9      5    9    9   10      3 |    0    0    0    0    0 |    0   | 화재(배전실)
  51  47kW    100%   24  55% |    6   16   70    9      5    9    9    8      3 |    0    0    0    0    0 |    0   | 
  52  46kW    100%   24  60% |   19   24   70    8      5    9    8    7      3 |    0    0    0    0    0 |    0   | 
  53  46kW    100%   24  60% |   22   18   70    8      5    9    9    9      3 |    0    0    0    0    0 |    0   | 
  54  46kW    100%   24  60% |   17   20   70    8      5    9    9    8      3 |    0    0    0    0    0 |    0   | 
  55  45kW    100%   24  60% |   15   16   70    9      4    9    8    7      3 |    0    0    0    0    0 |    0   | 
  56  47kW    100%   24  65% |   30   23   70    9      5    9    8    7      3 |    0    0    0    0    0 |    0   | 
  57  47kW    100%   24  65% |   24   19   70    8      7    9   10    9      3 |    0    0    0    0    0 |    0   | 
  58  47kW    100%   24  70% |    4   28   70    9      5    9    9    9      3 |    0    0    0    0    0 |    0   | 
  59  47kW    100%   24  70% |   53   22   70    9      6    9    9    9      3 |    0    0    0    0    0 |    0   | 
  60  47kW    100%   24  65% |   19   17   70    9      4    9   10   10      3 |    0    0    0    0    0 |    0   | 화재(통신실) + 작은 운석(통신실)

적응 누적: 임시 배선 0 · 뜯은 설비 0 · 용도 바뀐 방 0 · 수동 기동 0(실패 0) · 절전 1 · 바이오 연료 4 · 급유 0
재료 누적: 정제 135 · 부품 제작 19 · 얼음 60 · Mk.1 대체 0 · 정품 복원 0 · 파손 재건 0 · 패널 교체 0 · 임시 정비실 0 · 채집 282
함선 지표 (처음=100): 전력 105 · 생명유지 90 · 수리력 71 · 거주성 99 · 구조 97 · 엔진 101
뜯긴 설비: 
임시 배선: C→A(흔적)
용도가 바뀐 방:  · 간이침대 0개
폐쇄 구역: 
최소 생존 6/6 · 동시에 쓰러진 최대 0 · 생활 구역 평균 O2 최저 18.1kPa
  [배관] 냉각수 100% · 냉각 59kW (분기 2/2) · 노심 303℃ · 원자로 가동 · 새어 나간 냉각수 20L · 보충 20L · 새어 나간 물 0L · 터짐 1 · 우회 2
  [배관] 1번 냉각 루프: 낡음 · 상태 90%/95% · 방열판 100% · 터짐 1 교체 1 밀봉 0 우회 2

결과: 부분 복구 — 고장 2건, 임시 봉합 1곳
생명유지 내역: 산소 발생기 2대 94% · 정수기 1대 91% · 공기 탱크 65% · 물 400L
(시험 실행: 끝까지 돌렸다 · 위 결과는 게임 결과이며 시험 실패가 아니다)
exit=0 sec=35
