물자 부족 60일 · 10일마다 무작위 사고

  일  원자로   배터리 연료 탱크 | 채소 식사 비상 부품 케이블 퓨즈 필터 윤활 연료통 | 뜯김 배선 절전 침실 폐쇄 | 쓰러짐 | 사고
   1  47kW    100%   24 100% |   20   15   70    0      2    4    7    7      3 |    0    0    0    0    0 |    0   | 
   2  47kW    100%   24 100% |   14   21   70    0      3    4    6    6      3 |    0    0    0    0    0 |    0   | 
   3  46kW    100%   24 100% |   10   15   70    0      2    8    7    4      3 |    0    0    0    0    0 |    0   | 
   4  46kW    100%   24 100% |   20   18   70    3      3    8    5    5      3 |    0    0    0    0    0 |    0   | 
   5  46kW    100%   24 100% |   17   17   70    4      4    8    4    4      3 |    0    0    0    0    0 |    0   | 
   6  46kW    100%   24  99% |   14   22   70    5      4    8    6    4      3 |    0    0    0    0    0 |    0   | 
   7  47kW    100%   24  99% |   14   25   70    6      5    8    6    5      3 |    0    0    0    0    0 |    0   | 
   8  47kW    100%   24  99% |   25   20   70    7      4    8    6    6      3 |    0    0    0    0    0 |    0   | 
   9  47kW    100%   24  99% |   25   20   70    7      3    8    6    6      3 |    0    0    0    0    0 |    0   | 
  10  46kW    100%   24  99% |   23   21   70    7      4    8    3    5      3 |    0    0    0    0    0 |    0   | 고장(원자로)
  11  46kW    100%   24  99% |   25   16   70    7      7    8    6    4      3 |    0    0    0    0    0 |    0   | 
  12  46kW    100%   24  98% |   19   17   70    7      7    8    7    5      3 |    0    0    0    0    0 |    0   | 
  13  46kW    100%   24  98% |   15   23   70    7      6    8    6    4      3 |    0    0    0    0    0 |    0   | 
  14  45kW    100%   24  98% |    9   25   70    9      4    8    5    6      3 |    0    0    0    0    0 |    0   | 
  15  47kW    100%   24  98% |   24   18   70   10      5    8    6    6      3 |    0    0    0    0    0 |    0   | 
  16  47kW    100%   24  98% |   18   23   70   10      7    8    6    4      3 |    0    0    0    0    0 |    0   | 
  17  47kW    100%   24  98% |   19   18   70   10      9    8    5    6      3 |    0    0    0    0    0 |    0   | 
  18  46kW    100%   24  98% |   16   20   70   11     10    8    5    6      3 |    0    0    0    0    0 |    0   | 
  19  46kW    100%   24  98% |   10   21   70   10     10    8    6    6      3 |    0    0    0    0    0 |    0   | 
  20  46kW    100%   24  97% |   22   21   70   10      9    8    6    5      3 |    0    0    0    0    0 |    0   | 화재(정비실)
  21  46kW    100%   24  97% |   16   29   70   12      8    8    5    4      3 |    0    0    0    0    0 |    0   | 
  22  45kW    100%   24  97% |   16   24   70   12      9    8    4    4      3 |    0    0    0    0    0 |    0   | 
  23  45kW    100%   24  97% |   26   15   70   12      9    8    7    7      3 |    0    0    0    0    0 |    0   | 
  24  47kW    100%   24  97% |   10   17   70   12     10    8    7    6      3 |    0    0    0    0    0 |    0   | 
  25  47kW    100%   24  97% |   23   20   70   12     10    8    6    6      3 |    0    0    0    0    0 |    0   | 
  26  47kW    100%   24  97% |   18   21   70   12     10    8    5    5      3 |    0    0    0    0    0 |    0   | 
  27  46kW    100%   24  97% |    6   29   70   12     10    8    7    6      3 |    0    0    0    0    0 |    0   | 
  28  46kW    100%   24  97% |    7   16   70   12     10    8    7    5      3 |    0    0    0    0    0 |    0   | 
  29  46kW    100%   24  96% |   11   19   70   12     10    8    7    6      3 |    0    0    0    0    0 |    0   | 
  30  38kW     84%   24  34% |   21   20   70   12      9    8    7    4      3 |    0    0    0    0    0 |    0   | 큰 운석(원자로실)
  31  38kW     83%   24  34% |   20   23   70   10      9    8    4    4      3 |    0    0    0    0    0 |    0   | 
  32  37kW     66%   24  34% |   24   17   70   11      9    8    2    4      3 |    0    0    0    0    0 |    0   | 
  33  39kW     57%   24  39% |   27   20   70   11      9    8    4    4      3 |    0    0    0    0    0 |    0   | 
  34  39kW     51%   24  44% |    8   21   70   11      9    8    5    4      3 |    0    0    0    0    0 |    0   | 
  35  39kW     59%   24  49% |   24   18   70   12      7    8    4    4      3 |    0    0    1    0    0 |    0   | 
  36  39kW     75%   24  49% |   23   21   70   12      8    8    4    3      3 |    0    0    1    0    0 |    0   | 
  37  38kW     80%   24  49% |   11   22   70   12      7    8    5    6      3 |    0    0    0    0    0 |    0   | 
  38  38kW     94%   24  49% |   23   25   70   12      8    8    5    5      3 |    0    0    0    0    0 |    0   | 
  39  38kW     97%   24  49% |   24   21   70   12      9    8    5    4      3 |    0    0    0    0    0 |    0   | 
  40  38kW     50%   24   0% |   18   27   67   12      7    8    4    3      3 |    0    0    0    0    0 |    0   | 큰 운석(생명유지실) + 고장(콘솔 #9) + 작은 운석(식당)
  41  37kW     59%   24   0% |   19   22   67   12      8    8    4    3      3 |    0    0    1    0    0 |    0   | 
  42  38kW     81%   24   0% |   13   23   67   12      9    8    5    3      3 |    0    0    1    0    0 |    0   | 
  43  38kW     96%   24   0% |   34   20   67   12     11    8    4    4      3 |    0    0    0    0    0 |    0   | 
  44  38kW     78%   24   1% |    8   26   67   12     12    8    5    4      3 |    0    0    0    0    0 |    0   | 
  45  38kW     82%   24   1% |   22   22   67   11     12    8    5    6      3 |    0    0    0    0    0 |    0   | 
  46  38kW     62%   24   6% |   23   17   67   11     12    8    6    6      3 |    0    0    0    0    0 |    0   | 
  47  38kW     70%   24  11% |   32   18   67   11     12    8    6    5      3 |    0    0    0    0    0 |    0   | 
  48  38kW     56%   24  22% |   21   13   67   11     12    8    8    7      3 |    0    0    0    0    0 |    0   | 
  49  37kW     53%   24  22% |   19   22   67   11     12    8    7    7      3 |    0    0    1    0    0 |    0   | 
  50  37kW     77%   24   0% |   26   28   65    9      7    6    6    6      3 |    0    0    1    0    0 |    0   | 큰 운석(주방) + 화재(통신실)
  51  38kW     85%   24   0% |   11   24   65    9      9    6    5    5      3 |    0    0    0    0    0 |    0   | 
  52  38kW     73%   24   0% |   35   18   65    9     10    8    6    5      3 |    0    0    0    0    0 |    0   | 
  53  38kW     76%   24   0% |   16   28   65    9     12    8    8    7      3 |    0    0    0    0    0 |    0   | 
  54  38kW     67%   24   0% |    0   23   65    9     12    8    6    6      3 |    0    0    0    0    0 |    0   | 
  55  38kW     73%   24   0% |   30   17   65    9     12    8    7    6      3 |    0    0    0    0    0 |    0   | 
  56  38kW     72%   24   0% |    8   28   65    9      9    8    7    6      3 |    0    0    0    0    0 |    0   | 
  57  38kW     58%   24   0% |   16   22   65    9     11    8    8    7      3 |    0    0    0    0    0 |    0   | 
  58  37kW     60%   24   0% |   20   23   65    9     11    8    7    6      3 |    0    0    0    0    0 |    0   | 
  59  37kW     60%   24   0% |   26   19   65    8     11    8    7    7      3 |    0    0    0    0    0 |    0   | 
  60  38kW     67%   24   0% |   36   18   65    8     10    7    5    7      3 |    0    0    0    0    2 |    0   | 큰 운석(의무실) + 큰 운석(휴게실)

적응 누적: 임시 배선 0 · 뜯은 설비 0 · 용도 바뀐 방 0 · 수동 기동 0(실패 0) · 절전 35 · 바이오 연료 4 · 급유 0
재료 누적: 정제 128 · 부품 제작 16 · 얼음 25 · Mk.1 대체 0 · 정품 복원 0 · 파손 재건 0 · 패널 교체 0 · 임시 정비실 0 · 채집 217
함선 지표 (처음=100): 전력 89 · 생명유지 61 · 수리력 63 · 거주성 89 · 구조 89 · 엔진 100
뜯긴 설비: 
임시 배선: C→A(흔적)
용도가 바뀐 방:  · 간이침대 0개
폐쇄 구역: 함교, 휴게실
최소 생존 6/6 · 동시에 쓰러진 최대 1 · 생활 구역 평균 O2 최저 16.9kPa
  [배관] 냉각수 100% · 냉각 57kW (분기 2/2) · 노심 295℃ · 원자로 가동 · 새어 나간 냉각수 0L · 보충 0L · 새어 나간 물 0L · 터짐 0 · 우회 0

결과: 장기 장애 — 포기한 구획 2개 (함교·휴게실), 하중이 몰린 방 (주방 109%·의무실 100%), 공기 탱크 바닥 (다음 파공은 재가압 못 함), 자동화 꺼짐 (주 컴퓨터 과열 정지), 약해진 연결부 5, 최저 기압 86kPa, 고장 3건, 임시 봉합 5곳
생명유지 내역: 산소 발생기 2대 78% · 정수기 1대 99% · 공기 탱크 0% · 물 400L
(시험 실행: 끝까지 돌렸다 · 위 결과는 게임 결과이며 시험 실패가 아니다)
exit=0 sec=32
