회복 리듬: 1일차 끝에 'chaos' → 40일 평화 · 시드 7

  일 탱크 실링 판 구조 케이블 전자 부품 원료 채집 | 외벽 최대강도(평균·최저) 용접 교체 | Mk1 | 수리력 구조 생명유지 전력
   0 100%   20  11    6     15    8   16   18    2 |   100%  100%    0    0 |   0 |    99   96     53  102
   1   5%   12   7    6      9    8   15   21    5 |   100%   94%    3    0 |   0 |    90   94     61  105
   2  36%   17   9    4     10    8   15   25    9 |   100%   94%    3    0 |   0 |    93   97     72  105
   3  31%   17   5    6      8    6   13    7   13 |   100%   93%    7    0 |   0 |    87   99     70  105
   4  31%   19   5    6      8    4   14   10   17 |   100%   93%    7    0 |   0 |    89   99     70  105
   5  31%   19   5    6      6    4   15   11   20 |   100%   93%    7    0 |   0 |    90   99     69  104
   6  36%   19   5    6      5    3   13   10   24 |   100%   93%    7    0 |   0 |    88   99     71  104
   7  41%   19   4    6      3    3   14   14   31 |   100%   93%    7    0 |   0 |    88   99     73  103
   8  41%   19   4    6      6    3   14   17   37 |   100%   93%    7    0 |   0 |    90   99     73  106
   9  46%   19   5    6      5    3   14   17   44 |   100%   93%    7    0 |   0 |    90   99     74  105
  10  52%   21   5    6      7    2   13   13   50 |   100%   93%    7    0 |   0 |    89   99     76  111
  11  52%   21   6    6      7    3   14   10   56 |   100%   93%    7    0 |   0 |    90   99     76  110
  12  51%   21   6    6      7    2   13   14   62 |   100%   93%    7    0 |   0 |    89   99     76  116
  13  57%   21   6    6      6    2   14   12   66 |   100%   93%    7    0 |   0 |    90   99     78  115
  14  62%   21   6    6      6    3   14   12   70 |   100%   93%    7    0 |   0 |    91   99     79  115
  15  67%   21   6    6      6    3   13   12   72 |   100%   93%    7    0 |   0 |    89   99     80  114
  16  67%   21   6    6      6    3   13   12   75 |   100%   93%    7    0 |   0 |    89   99     80  114
  17  67%   21   7    6      5    3   13   12   80 |   100%   93%    7    0 |   0 |    89   99     80  116
  18  72%   21   7    6      4    2   13   14   85 |   100%   93%    7    0 |   0 |    89   99     82  116
  19  72%   21   7    6      6    3   13   14   89 |   100%   93%    7    0 |   0 |    90   99     82  116
  20  77%   21   7    6      4    2   13   16   94 |   100%   93%    7    0 |   0 |    89   99     83  116
  21  90%   21   7    6      7    2   13   13   99 |   100%   93%    7    0 |   0 |    90   99     87  116
  22  90%   21   6    6      5    2   13   16  104 |   100%   93%    7    0 |   0 |    89   99     87  115
  23  90%   21   6    6      4    4   12   19  111 |   100%   93%    7    0 |   0 |    90   99     86  115
  24  90%   21   9    7      6    4   12   23  118 |   100%   93%    7    0 |   0 |    93   99     87  114
  25 100%   21   7    7      9    2   11   21  123 |   100%   93%    7    0 |   0 |    91   99     90  123
  26 100%   21   7    7      9    4   11   22  128 |   100%   93%    7    0 |   0 |    92   99     89  123
  27 100%   21   7    7      9    4   12   23  134 |   100%   93%    7    0 |   0 |    94   99     90  123
  28  99%   21   6    7      9    2   11   27  140 |   100%   93%    7    0 |   0 |    92   99     90  130
  29  99%   21   7    7      9    2   12   24  144 |   100%   93%    7    0 |   0 |    93   99     89  129
  30  99%   21   7    7     10    3   12   24  147 |   100%   93%    7    0 |   0 |    93   99     90  129
  31  99%   21   6    4     10    3   12   25  150 |   100%   93%    7    0 |   0 |    93  100     90  128
  32  99%   24   7    4      9    4   12   21  156 |   100%   93%    7    0 |   0 |    94  100     89  128
  33  99%   24   8    4      9    4   10   24  161 |   100%   93%    7    0 |   0 |    93  100     90  127
  34  99%   24   4    4      8    5   10   27  166 |   100%   93%    7    0 |   0 |    92  100     89  130
  35  99%   24   4    4      9    3   12   31  172 |   100%   93%    7    0 |   0 |    95  100     89  130
  36  98%   24   2    4      8    3   11   33  179 |   100%   93%    7    0 |   0 |    92  100     90  130
  37  98%   24   3    4      8    4   12   35  185 |   100%   93%    7    0 |   0 |    94  100     89  129
  38  98%   24   5    4      8    2   11   30  191 |   100%   93%    7    0 |   0 |    92  100     89  132
  39  98%   27   5    4      7    0   12   33  194 |   100%   93%    7    0 |   0 |    93  100     89  132
  40  98%   27   5    4      7    0   12   36  199 |   100%   93%    7    0 |   0 |    95  100     90  132

재료 누적: 정제 88 · 부품 제작 12 · 얼음 29 · Mk.1 대체 0 · 정품 복원 0 · 파손 재건 0 · 패널 교체 0 · 임시 정비실 0 · 채집 199 · 주변 밀도 1.25 (잔해 많음)
적응 누적: 임시 배선 0 · 뜯은 설비 0 · 용도 바뀐 방 0 · 수동 기동 0(실패 0) · 절전 0 · 바이오 연료 1 · 급유 0
함선 지표 (처음=100): 전력 132 · 생명유지 90 · 수리력 95 · 거주성 100 · 구조 100 · 엔진 99
  작업대 [정비실] 정상 · 효율 0.92 · 전기 True · 등급 정품
  채집 장치 [정비실] 정상 · 효율 0.98 · 전기 True · 등급 정품
  정제기 [정비실] 정상 · 효율 0.97 · 전기 True · 등급 정품

결과: 부분 복구 — 최저 기압 0kPa, 고장 2건
exit=0 sec=32
