물자 부족 60일 · 10일마다 무작위 사고

  일  원자로   배터리 연료 탱크 | 채소 식사 비상 부품 케이블 퓨즈 필터 윤활 연료통 | 뜯김 배선 절전 침실 폐쇄 | 쓰러짐 | 사고
   1  45kW    100%   24 100% |   23   20   70    0      3    2    8    8      3 |    0    0    0    0    0 |    0   | 
   2  45kW    100%   24 100% |   22   20   70    0      3    2    8    7      3 |    0    0    0    0    0 |    0   | 
   3  45kW    100%   24 100% |   17   27   70    1      6    4    8    8      3 |    0    0    0    0    0 |    0   | 
   4  45kW    100%   24  99% |   13   28   70    1      5    6    6    7      3 |    0    0    0    0    0 |    0   | 
   5  45kW    100%   24  99% |   11   28   70    5      4    6    5    3      3 |    0    0    0    0    0 |    0   | 
   6  44kW    100%   24  99% |   22   21   70    6      5    8    6    6      3 |    0    0    0    0    0 |    0   | 
   7  44kW     89%   24  99% |   13   23   70    6      6    8    5    4      3 |    0    0    0    0    0 |    0   | 
   8  46kW    100%   24  99% |   16   18   70    6      6    8    4    5      3 |    0    0    0    0    0 |    0   | 
   9  45kW    100%   24  99% |   18   28   70    7      9    8    5    6      3 |    0    0    0    0    0 |    0   | 
  10  45kW    100%   24  99% |   24   17   70    8      7    8    4    3      3 |    0    0    0    0    0 |    0   | 고장(보조 발전기)
  11  45kW    100%   24  79% |   18   19   70    8      7    8    4    4      3 |    0    0    0    0    0 |    0   | 
  12  45kW    100%   24  84% |   20   22   70    8      6    8    5    3      3 |    0    0    0    0    0 |    0   | 
  13  45kW    100%   24  84% |   23   17   70    8      6    8    4    4      3 |    0    0    0    0    0 |    0   | 
  14  45kW    100%   24  83% |   14   24   70    8      6    8    4    4      3 |    0    0    0    0    0 |    0   | 
  15  44kW    100%   24  89% |   27   19   70    9      3    8    4    2      3 |    0    0    0    0    0 |    0   | 
  16  45kW     90%   24  88% |   22   21   70   10      2    8    5    3      3 |    0    0    0    0    0 |    0   | 
  17  45kW    100%   24  88% |   20   19   70   10      3    8    5    3      3 |    0    0    0    0    0 |    0   | 
  18  45kW    100%   24  88% |   14   27   70   11      4    8    4    2      3 |    0    0    0    0    0 |    0   | 
  19  45kW    100%   24  88% |   24   20   70   11      5    8    4    1      3 |    0    0    0    0    0 |    0   | 
  20  44kW    100%   24  87% |   19   22   70    9      6    8    3    2      3 |    0    0    0    0    0 |    0   | 화재(주방) + 화재(에어락) + 고장(콘솔 #6)
  21  44kW    100%   24  63% |    7   18   70   10      6    8    3    2      3 |    0    0    0    0    0 |    0   | 
  22  41kW     58%   24  57% |   11   23   68    9      7    8    3    2      3 |    0    0    1    0    0 |    0   | 
  23  41kW     58%   24  68% |   20   16   68   10      6    8    5    4      3 |    0    0    0    0    0 |    0   | 
  24  41kW     78%   24  68% |    8   17   68   10      6    8    3    3      3 |    0    0    0    0    0 |    0   | 
  25  42kW     62%   24  81% |   12   25   68   10      4    8    3    4      3 |    0    0    0    0    0 |    0   | 
  26  42kW     53%   24  81% |   22   19   68    9      5    8    4    3      3 |    0    0    0    0    0 |    0   | 
  27  42kW     57%   24  86% |   20   21   68    9      7    8    3    3      3 |    0    0    0    0    0 |    0   | 
  28  42kW     47%   24  86% |   24   16   68    8      7    8    4    4      3 |    0    0    0    0    0 |    0   | 
  29  42kW     72%   24  96% |   30   24   68    9      6    8    5    4      3 |    0    0    0    0    0 |    0   | 
  30  41kW     64%   24  96% |   21   28   68    9      7    8    4    0      3 |    0    0    0    0    0 |    0   | 화재(엔진실) + 화재(정비실) + 화재(에어락)
  31  41kW     55%   24  96% |   24   18   68    9      5    8    4    3      3 |    0    0    0    0    0 |    0   | 
  32  41kW     84%   24  96% |   23   19   68   10      5    8    5    5      3 |    0    0    0    0    0 |    0   | 
  33  41kW     63%   24  96% |   20   22   68   11      4    8    6    3      3 |    0    0    0    0    0 |    0   | 
  34  42kW     54%   24  94% |   30   18   68   12      4    8    6    5      3 |    0    0    0    0    0 |    0   | 
  35  42kW     78%   24  94% |   35   26   68   12      7    8    7    5      3 |    0    0    0    0    0 |    0   | 
  36  42kW     66%   24  94% |   17   26   68   12      7    8    6    4      3 |    0    0    0    0    0 |    0   | 
  37  42kW     57%   24  94% |   15   29   68   12      7    8    6    4      3 |    0    0    0    0    0 |    0   | 
  38  42kW     50%   24  94% |   25   18   68   11      6    8    6    7      3 |    0    0    0    0    0 |    0   | 
  39  41kW     50%   24  94% |   12   26   68   11      7    8    5    6      3 |    0    0    0    0    0 |    0   | 
  40  41kW     82%   24  93% |   13   19   68   11      7    8    5    6      3 |    0    0    0    0    0 |    0   | 고장(로봇 충전대 #2) + 고장(산소 발생기 #1) + 큰 운석(함교)
  41  41kW     64%   24  93% |   23   21   68   12      6    8    8    6      3 |    0    0    0    0    0 |    0   | 
  42  42kW     51%   24  93% |   14   29   68   12      7    8    7    3      3 |    0    0    1    0    0 |    0   | 
  43  42kW     54%   24  93% |   16   23   68   12      5    8    6    3      3 |    0    0    0    0    0 |    0   | 
  44  42kW     76%   24 100% |   36   21   68   12      6    8    5    5      3 |    0    0    0    0    0 |    0   | 
  45  42kW     65%   24 100% |   19   24   68   12      7    8    6    5      3 |    0    0    0    0    0 |    0   | 
  46  42kW     49%   24 100% |   29   19   68   10      8    8    6    5      3 |    0    0    0    0    0 |    0   | 
  47  41kW     93%   24  99% |   17   28   68   10      8    8    5    5      3 |    0    0    0    0    0 |    0   | 
  48  41kW     85%   24  99% |   20   22   68   11      7    8    7    6      3 |    0    0    0    0    0 |    0   | 
  49  41kW     76%   24  99% |   13   22   68   12      5    8    6    7      3 |    0    0    0    0    0 |    0   | 
  50  37kW     67%   24  33% |   12   19   65   12      4    7    4    6      3 |    0    0    1    0    0 |    0   | 작은 운석(원자로실) + 큰 운석(창고)
  51  37kW     68%   24  65% |   32   22   65   12      3    7    5    5      3 |    0    0    0    0    0 |    0   | 
  52  38kW     73%   24  70% |   19   23   65   12      4    9    6    4      3 |    0    0    1    0    0 |    0   | 
  53  38kW     52%   24  70% |   24   24   65   11      4    9    5    5      3 |    0    0    0    0    0 |    0   | 
  54  38kW     78%   24  70% |   28   21   65   11      5    9    6    4      3 |    0    0    1    0    0 |    0   | 
  55  38kW     49%   24  70% |   28   22   65   11      4    8    5    5      3 |    0    0    1    0    0 |    0   | 
  56  37kW     81%   24  70% |   25   25   65   11      4    8    5    5      3 |    0    0    1    0    0 |    0   | 
  57  37kW     48%   24  75% |   24   26   65   12      4    8    6    5      3 |    0    0    1    0    0 |    0   | 
  58  37kW     76%   24  75% |   40   20   65   12      4    8    4    5      3 |    0    0    1    0    0 |    0   | 
  59  37kW     48%   24  75% |   23   20   65   12      5    8    5    5      3 |    0    0    0    0    0 |    0   | 
  60  38kW     83%   24  75% |   48   20   65   12      5    8    4    4      3 |    0    0    1    0    0 |    0   | 화재(창고)

적응 누적: 임시 배선 0 · 뜯은 설비 0 · 용도 바뀐 방 0 · 수동 기동 0(실패 0) · 절전 25 · 바이오 연료 4 · 급유 0
재료 누적: 정제 166 · 부품 제작 24 · 얼음 55 · Mk.1 대체 0 · 정품 복원 0 · 파손 재건 0 · 패널 교체 0 · 임시 정비실 0 · 채집 335
함선 지표 (처음=100): 전력 101 · 생명유지 92 · 수리력 75 · 거주성 100 · 구조 94 · 엔진 90
뜯긴 설비: 
임시 배선: C→A(흔적)
용도가 바뀐 방:  · 간이침대 0개
폐쇄 구역: 
최소 생존 6/6 · 동시에 쓰러진 최대 0 · 생활 구역 평균 O2 최저 17.9kPa
  [배관] 냉각수 93% · 냉각 57kW (분기 2/2) · 노심 293℃ · 원자로 가동 · 새어 나간 냉각수 8L · 보충 0L · 새어 나간 물 0L · 터짐 1 · 우회 0
  [배관] 냉각 귀환관: 정상 · 상태 95%/95% · 터짐 1 교체 1 밀봉 1 우회 0

결과: 부분 복구 — 약해진 연결부 2, 고장 2건, 절전으로 끈 회로 D, 임시 봉합 3곳
생명유지 내역: 산소 발생기 2대 94% · 정수기 1대 97% · 공기 탱크 75% · 물 400L
(시험 실행: 끝까지 돌렸다 · 위 결과는 게임 결과이며 시험 실패가 아니다)
exit=0 sec=73
