물자 부족 60일 · 10일마다 무작위 사고

  일  원자로   배터리 연료 탱크 | 채소 식사 비상 부품 케이블 퓨즈 필터 윤활 연료통 | 뜯김 배선 절전 침실 폐쇄 | 쓰러짐 | 사고
   1  46kW    100%   24 100% |   21   19   70    0      3    0    8    6      3 |    0    0    0    0    0 |    0   | 
   2  46kW    100%   24 100% |   24   20   70    0      1    2    8    7      3 |    0    0    0    0    0 |    0   | 
   3  45kW    100%   24 100% |   22   21   70    0      3    4    7    6      3 |    0    0    0    0    0 |    0   | 
   4  45kW    100%   24 100% |   16   21   70    0      4    4    6    5      3 |    0    0    0    0    0 |    0   | 
   5  45kW    100%   24 100% |   15   20   70    0      5    6    6    5      3 |    0    0    0    0    0 |    0   | 
   6  45kW    100%   24  99% |   26   17   70    1      6    8    6    5      3 |    0    0    0    0    0 |    0   | 
   7  46kW    100%   24  99% |   17   26   70    1      8    8    4    5      3 |    0    0    0    0    0 |    0   | 
   8  46kW     82%   24  99% |   19   22   70    1      9    8    4    4      3 |    0    0    0    0    0 |    0   | 
   9  46kW    100%   24  99% |    7   24   70    1     11    8    5    3      3 |    0    0    0    0    0 |    0   | 
  10  46kW    100%   24 100% |   25   18   70    4      8    8    4    2      3 |    0    0    0    0    0 |    0   | 작은 운석(생명유지실)
  11  46kW    100%   24  96% |   22   20   69    4      7    8    3    3      3 |    0    0    0    0    0 |    0   | 
  12  45kW    100%   24  96% |   20   23   69    4      6    8    3    2      3 |    0    0    0    0    0 |    0   | 
  13  45kW    100%   24  96% |   15   23   69    6      6    8    3    3      3 |    0    0    0    0    0 |    0   | 
  14  45kW    100%   24  95% |   25   18   69    5      6    8    3    3      3 |    0    0    0    0    0 |    0   | 
  15  46kW    100%   24  95% |   20   20   69    6      6    8    4    2      3 |    0    0    0    0    0 |    0   | 
  16  46kW    100%   24 100% |   18   23   69    6      7    8    4    2      3 |    0    0    0    0    0 |    0   | 
  17  46kW    100%   24 100% |   16   23   69    6      7    8    4    1      3 |    0    0    0    0    0 |    0   | 
  18  46kW    100%   24  99% |   20   25   69    7      7    8    3    3      3 |    0    0    0    0    0 |    0   | 
  19  46kW    100%   24  99% |   22   19   69    7      6    8    2    1      3 |    0    0    0    0    0 |    0   | 
  20  45kW     88%   24  83% |   20   21   69    6      6    8    2    1      3 |    0    0    0    0    0 |    0   | 화재(함교) + 작은 운석(배전실)
  21  45kW    100%   24  74% |   16   21   69    7      6    8    1    0      3 |    0    0    0    0    0 |    0   | 
  22  45kW     98%   24  74% |    9   24   69    7      5    8    3    1      3 |    0    0    0    0    0 |    0   | 
  23  46kW    100%   24  73% |   23   21   69    7      3    8    3    2      3 |    0    0    0    0    0 |    0   | 
  24  46kW    100%   24  73% |   32   22   69    5      4    8    3    2      3 |    0    0    0    0    0 |    0   | 
  25  46kW    100%   24  79% |   10   23   69    5      5    8    3    0      3 |    0    0    0    0    0 |    0   | 
  26  46kW    100%   24  78% |    9   26   69    5      5    8    3    0      3 |    0    0    0    0    0 |    0   | 
  27  45kW    100%   24  78% |   23   21   69    5      3    8    5    4      3 |    0    0    0    0    0 |    0   | 
  28  45kW    100%   24  83% |    7   20   69    5      5    8    4    2      3 |    0    0    0    0    0 |    0   | 
  29  45kW    100%   24  83% |   19   26   69    5      5    8    5    4      3 |    0    0    0    0    0 |    0   | 
  30  45kW    100%   24  88% |    7   20   69    5      7    8    5    2      3 |    0    0    0    0    0 |    0   | 큰 운석(통신실)
  31  46kW    100%   24  88% |   30   22   69    4      6    8    4    2      3 |    0    0    0    0    0 |    0   | 
  32  46kW    100%   24  88% |   19   24   69    5      5    8    5    3      3 |    0    0    0    0    0 |    0   | 
  33  46kW    100%   24  93% |   21   18   69    6      5    8    4    3      3 |    0    0    0    0    0 |    0   | 
  34  46kW    100%   24  62% |   22   18   69    7      0    8    5    4      3 |    0    0    0    0    0 |    0   | 
  35  45kW    100%   24  49% |    2   28   69    7      0    8    4    3      3 |    0    0    0    0    0 |    0   | 
  36  45kW    100%   24  49% |   21   23   69    7      1    8    5    5      3 |    0    0    0    0    0 |    0   | 
  37  45kW    100%   24  42% |   13   28   69    6      2    8    4    3      3 |    0    0    0    0    0 |    0   | 
  38  46kW    100%   24  47% |   20   23   69    6      2    8    5    4      3 |    0    0    0    0    0 |    0   | 
  39  46kW     98%   24  52% |   19   19   69    6      2    8    6    4      3 |    0    0    0    0    0 |    0   | 
  40  46kW    100%   24   0% |    0    7   58    7      1    8    5    1      3 |    0    0    0    0    2 |    0   | 큰 운석(침실) + 큰 운석(주방)
  41  46kW    100%   24  19% |    0   40   35    6      3    8    8    1      3 |    0    0    0    0    2 |    0   | 
  42  46kW     97%   24  19% |    0   40   13    7      3    8    7    2      3 |    0    0    0    0    2 |    0   | 
  43  45kW    100%   24  23% |    0   40    0    7      2    8    7    1      3 |    0    0    0    0    2 |    0   | 
  44  45kW    100%   24  21% |    0   40    0    7      2    8    4    0      3 |    0    0    0    0    2 |    0   | 
  45  45kW    100%   24   0% |    0   37    0    7      1    8    3    0      3 |    0    0    0    0    2 |    0   | 
  46  46kW    100%   24   0% |    0   37    0    7      1    8    3    0      3 |    0    0    0    0    2 |    0   | 
  47  46kW    100%   24   0% |    0   37    0    6      1    8    5    0      3 |    0    0    0    0    2 |    1   | 
  48  46kW    100%   24   0% |    0   37    0    7      0    8    3    0      3 |    0    0    0    0    2 |    1   | 
  49  46kW    100%   24   0% |    0   37    0    8      0    8    5    0      3 |    0    0    0    0    2 |    1   | 
  50  46kW    100%   24   0% |    0   37    0    8      1    8    5    0      3 |    0    0    0    0    2 |    1   | 고장(콘솔 #6)
  51  45kW    100%   24   0% |    0   37    0    8      2    8    3    1      3 |    0    0    0    0    2 |    1   | 
  52  45kW    100%   24   0% |    0   37    0    8      3    8    3    0      3 |    0    0    0    0    2 |    1   | 
  53  45kW    100%   24   0% |    0   40    0    8      6    8    6    0      3 |    0    0    0    0    2 |    1   | 
  54  46kW    100%   24   0% |    0   40    0    8      5    8    6    0      3 |    0    0    0    0    2 |    1   | 
  55  46kW    100%   24   0% |    0   40    0    8      7    8    4    0      3 |    0    0    0    0    2 |    1   | 
  56  46kW    100%   24   0% |    0   40    0    8      7    8    4    0      3 |    0    0    0    0    2 |    1   | 
  57  46kW    100%   24   0% |    0   40    0    8      4    8    4    1      3 |    0    0    0    0    2 |    1   | 
  58  45kW    100%   24   0% |    0   40    0   10      0    8    5    0      3 |    0    0    0    0    2 |    1   | 
  59  45kW    100%   24  19% |    0   40    0   10      3    8    8    0      3 |    0    0    0    0    2 |    1   | 
  60  45kW    100%   24   0% |    0   40    0   10      3    8    8    0      3 |    0    0    0    0    2 |    1   | 작은 운석(침실)

적응 누적: 임시 배선 0 · 뜯은 설비 0 · 용도 바뀐 방 0 · 수동 기동 0(실패 0) · 절전 0 · 바이오 연료 4 · 급유 0
재료 누적: 정제 164 · 부품 제작 23 · 얼음 48 · Mk.1 대체 1 · 정품 복원 1 · 파손 재건 1 · 패널 교체 0 · 임시 정비실 0 · 채집 307
함선 지표 (처음=100): 전력 108 · 생명유지 68 · 수리력 77 · 거주성 80 · 구조 86 · 엔진 94
뜯긴 설비: 
임시 배선: 
용도가 바뀐 방:  · 간이침대 0개
폐쇄 구역: 주방, 식당
최소 생존 6/6 · 동시에 쓰러진 최대 1 · 생활 구역 평균 O2 최저 17.0kPa
  [배관] 냉각수 100% · 냉각 56kW (분기 2/2) · 노심 299℃ · 원자로 가동 · 새어 나간 냉각수 0L · 보충 0L · 새어 나간 물 0L · 터짐 0 · 우회 0

결과: 장기 장애 — 쓰러진 사람 1명, 포기한 구획 1개 (식당), 주방 떨어져 나감 (0칸 · 계류), 골조를 잃은 외벽 1칸, 공기 탱크 바닥 (다음 파공은 재가압 못 함), 부상 5명, 약해진 연결부 1, 최저 기압 85kPa, 고장 4건, 임시 봉합 2곳
생명유지 내역: 산소 발생기 2대 92% · 정수기 1대 92% · 공기 탱크 0% · 물 400L
(시험 실행: 끝까지 돌렸다 · 위 결과는 게임 결과이며 시험 실패가 아니다)
exit=0 sec=46
