물자 부족 60일 · 10일마다 무작위 사고

  일  원자로   배터리 연료 탱크 | 채소 식사 비상 부품 케이블 퓨즈 필터 윤활 연료통 | 뜯김 배선 절전 침실 폐쇄 | 쓰러짐 | 사고
   1  47kW    100%   24 100% |   20   21   70    0      2    0    8    7      3 |    0    0    0    0    0 |    0   | 
   2  47kW    100%   24 100% |   23   21   70    0      4    0    8    8      3 |    0    0    0    0    0 |    0   | 
   3  47kW    100%   24 100% |   25   15   70    2      3    2    6    6      3 |    0    0    0    0    0 |    0   | 
   4  46kW    100%   24  99% |   15   20   70    3      4    4    7    5      3 |    0    0    0    0    0 |    0   | 
   5  46kW    100%   24  99% |   22   21   70    3      4    4    7    5      3 |    0    0    0    0    0 |    0   | 
   6  46kW    100%   24  99% |   16   28   70    2      5    8    4    5      3 |    0    0    0    0    0 |    0   | 
   7  46kW    100%   24  99% |   15   23   70    2      7    8    6    4      3 |    0    0    0    0    0 |    0   | 
   8  47kW    100%   24  84% |   16   17   70    2      6    8    5    5      3 |    0    0    0    0    0 |    0   | 
   9  47kW    100%   24  64% |   11   17   70    3      6    7    5    5      3 |    0    0    0    0    0 |    0   | 
  10  47kW    100%   24  69% |   22   20   70    2      5    9    6    3      3 |    0    0    0    0    0 |    0   | 화재(침실)
  11  47kW    100%   24  74% |   17   22   70    2      5    8    6    3      3 |    0    0    0    0    0 |    0   | 
  12  46kW    100%   24  79% |   16   18   68    2      5    8    4    3      3 |    0    0    0    0    0 |    0   | 
  13  46kW    100%   24  84% |   19   23   68    2      5    8    3    3      3 |    0    0    0    0    0 |    0   | 
  14  46kW    100%   24  84% |   21   18   68    3      5    8    5    2      3 |    0    0    0    0    0 |    0   | 
  15  46kW    100%   24  84% |   16   18   68    3      5    8    3    0      3 |    0    0    0    0    0 |    0   | 
  16  47kW    100%   24  84% |    0   17   68    4      3    8    3    0      3 |    0    0    0    0    0 |    0   | 
  17  47kW    100%   24  89% |   20   25   68    5      4    8    3    1      3 |    0    0    0    0    0 |    0   | 
  18  47kW    100%   24  89% |   15   27   68    5      4    8    1    1      3 |    0    0    0    0    0 |    0   | 
  19  47kW    100%   24  80% |    3   20   68    5      5    8    2    1      3 |    0    0    0    0    0 |    0   | 
  20  46kW    100%   24  80% |   23   22   68    5      5    8    2    2      3 |    0    0    0    0    0 |    0   | 화재(수경재배실)
  21  46kW    100%   24  85% |   17   29   68    5      5    8    2    2      3 |    0    0    0    0    0 |    0   | 
  22  46kW    100%   24  85% |   19   24   68    4      7    8    2    2      3 |    0    0    0    0    0 |    0   | 
  23  46kW    100%   24  85% |   32   19   68    5      7    8    2    2      3 |    0    0    0    0    0 |    0   | 
  24  47kW    100%   24  90% |   24   18   68    4      7    8    3    1      3 |    0    0    0    0    0 |    0   | 
  25  47kW    100%   24  90% |   13   21   68    4      6    8    3    3      3 |    0    0    0    0    0 |    0   | 
  26  47kW    100%   24  89% |    7   27   68    5      6    8    2    3      3 |    0    0    0    0    0 |    0   | 
  27  47kW    100%   24  97% |   21   23   68    5      5    8    4    4      3 |    0    0    0    0    0 |    0   | 
  28  46kW    100%   24  97% |    1   28   68    5      4    8    4    1      3 |    0    0    0    0    0 |    0   | 
  29  46kW    100%   24  97% |   18   23   68    5      5    8    5    5      3 |    0    0    0    0    0 |    0   | 
  30  46kW    100%   24  97% |   17   19   68    5      6    8    4    4      3 |    0    0    0    0    0 |    0   | 작은 운석(냉각실)
  31  45kW     99%   24  92% |   14   23   66    5      5    8    4    4      3 |    0    0    0    0    0 |    0   | 
  32  45kW    100%   24  84% |   13   27   66    5      6    8    6    5      3 |    0    0    0    0    0 |    0   | 
  33  47kW    100%   24  84% |   15   22   66    5      7    8    5    3      3 |    0    0    0    0    0 |    0   | 
  34  47kW     91%   24  83% |   19   25   66    4      5    8    7    7      3 |    0    0    0    0    0 |    0   | 
  35  46kW    100%   24  83% |    3   29   66    5      5    8    6    5      3 |    0    0    0    0    0 |    0   | 
  36  46kW    100%   24  81% |   39   19   66    5      4    7    7    6      3 |    0    0    0    0    0 |    0   | 
  37  46kW    100%   24  87% |   13   22   66    5      4    7    8    6      4 |    0    0    0    0    0 |    0   | 
  38  23kW     83%   24  86% |   28   18   64    5      4    6    6    5      4 |    0    0    0    0    0 |    0   | 
  39  45kW     98%   24  92% |   22   24   62    5      3    6    7    7      4 |    0    0    0    0    0 |    0   | 
  40  45kW    100%   24  91% |    7   26   62    5      3    6    6    4      4 |    0    0    0    0    0 |    0   | 작은 운석(엔진실) + 화재(함교)
  41  47kW    100%   24  99% |   21   22   62    5      4    6    8    6      4 |    0    0    0    0    0 |    0   | 
  42  47kW    100%   24  99% |    9   19   62    5      5    8    7    5      4 |    0    0    0    0    0 |    0   | 
  43  47kW    100%   24  99% |   30   23   62    6      5    8    7    8      4 |    0    0    0    0    0 |    0   | 
  44  46kW    100%   24  99% |   12   22   62    6      5    8    9    7      4 |    0    0    0    0    0 |    0   | 
  45  46kW    100%   24 100% |   33   19   62    6      6    8    8    8      4 |    0    0    0    0    0 |    0   | 
  46  46kW    100%   24  89% |   15   23   62    6      7    8    9   10      5 |    0    0    0    0    0 |    0   | 
  47  46kW    100%   24  94% |   13   17   62    6      5    8    7    8      5 |    0    0    0    0    0 |    0   | 
  48  45kW    100%   24  94% |   23   26   62    6      7    8    8    8      5 |    0    0    0    0    0 |    0   | 
  49  47kW    100%   24  94% |    4   27   62    6      7    8    7    9      5 |    0    0    0    0    0 |    0   | 
  50  47kW    100%   24 100% |   20   23   62    6      6    8    9    9      5 |    0    0    0    0    0 |    0   | 작은 운석(엔진실)
  51  47kW    100%   24 100% |   10   27   62    6      7    8    8    8      5 |    0    0    0    0    0 |    0   | 
  52  46kW    100%   24 100% |   27   17   62    6      6    8   10    9      5 |    0    0    0    0    0 |    0   | 
  53  46kW    100%   24  99% |   26   18   62    6      7    8    9   10      5 |    0    0    0    0    0 |    0   | 
  54  46kW    100%   24  99% |   43   20   62    6      7    8    9    9      5 |    0    0    0    0    0 |    0   | 
  55  46kW    100%   24  99% |   25   28   62    6      7    8    9    9      5 |    0    0    0    0    0 |    0   | 
  56  46kW    100%   24  99% |   29   17   62    6      8    8    8    8      5 |    0    0    0    0    0 |    0   | 
  57  45kW     99%   24  99% |   34   26   62    6      9    8   10    9      5 |    0    0    0    0    0 |    0   | 
  58  47kW    100%   24  99% |   15   26   62    6      7    8   10   10      5 |    0    0    0    0    0 |    0   | 
  59  47kW    100%   24  98% |   41   21   62    6      7    8   10   10      5 |    0    0    0    0    0 |    0   | 
  60  47kW    100%   24 100% |   26   25   60    6      8    8   10   10      5 |    0    0    0    0    0 |    0   | 배관 파손(냉각 고온관)

적응 누적: 임시 배선 0 · 뜯은 설비 0 · 용도 바뀐 방 0 · 수동 기동 0(실패 0) · 절전 0 · 바이오 연료 6 · 급유 0
재료 누적: 정제 149 · 부품 제작 14 · 얼음 48 · Mk.1 대체 0 · 정품 복원 0 · 파손 재건 0 · 패널 교체 0 · 임시 정비실 0 · 채집 282
함선 지표 (처음=100): 전력 120 · 생명유지 101 · 수리력 70 · 거주성 100 · 구조 95 · 엔진 91
뜯긴 설비: 
임시 배선: C→A(흔적), A→B(흔적)
용도가 바뀐 방:  · 간이침대 0개
폐쇄 구역: 
최소 생존 6/6 · 동시에 쓰러진 최대 0 · 생활 구역 평균 O2 최저 19.5kPa
  [배관] 냉각수 88% · 냉각 57kW (분기 2/2) · 노심 315℃ · 원자로 가동 · 새어 나간 냉각수 146L · 보충 132L · 새어 나간 물 0L · 터짐 3 · 우회 0
  [배관] 냉각 고온관: 임시 밀봉 · 상태 32%/100% · 터짐 1 교체 0 밀봉 1 우회 0
  [배관] 1번 냉각 루프: 정상 · 상태 100%/100% · 방열판 91% · 터짐 0 교체 0 밀봉 0 우회 0
  [배관] 냉각 귀환관: 임시 밀봉 · 상태 47%/100% · 터짐 2 교체 0 밀봉 7 우회 0

결과: 부분 복구 — 문 구동기 고장 1, 고장 2건, 임시 봉합 1곳, 임시 밀봉한 배관 2
생명유지 내역: 산소 발생기 2대 95% · 정수기 1대 98% · 공기 탱크 100% · 물 400L
(시험 실행: 끝까지 돌렸다 · 위 결과는 게임 결과이며 시험 실패가 아니다)
exit=0 sec=46
